$ANSIBLE_VAULT;1.1;AES256
32333038356132303563663738666432653966316364646262313566656462373638663434343865
3465636138633461646630663532336164653430376161340a326132356439326465393838666336
39636365363838633839303839316334363161383131303333323234303236346436623362393733
3839663233643731330a633864383731373530636534646638643161366366653333316137373938
32613162353461643062393361666333323230663939353235333966643033313635613034376464
36643438363265353037363565646366396437306634373037373262653865356135396262656536
64383631636339623633666331376362326132613238643632363364373062633463366533613061
30396463653333363361636434633737626132306162663465613164343365313933383031353030
37656333666363336462393666666631373131616233373065353539366439353733373034353339
32306161323466393936376537376330396566383761343664623438666565306166643966363736
63383139333036353038323530356436306435303134616164356566323938343935323434343539
39383365646665643562663235653639653162343731393265393732303038613234303961366630
35623733353331653562393233633836393065623364643465616231303833353434366664616332
66396139656565393633316666343137363232316564353136626163626432636635666236643235
34373734626436316665356463313962643333353765393163636135323936326130316634623139
35303630303532623039353032663365623061376639643637373661626535313634663563653534
64353135656534613064653237626532616230303863363333363134626438383234623331306436
36626330643238666131383638323435633631663662366634323462613436353337623765376439
35663033396131363632393164363639656230663664383061393264636664616134646633653339
61343166383462313662663637663665343430353032313139623237653332323136616161303434
39313264313333333432353662323132633561346538306261333963653865333561393161313635
35636230633065336538363564656436366265373637643466666236643830306334376132356332
32336661383239636536356431643265366539623066666134306633323331333339653235346365
32376463366635636233633532643662303333366330386132666433633163633333316134626163
65373637376465323337313033663039303261396338326632363663346566363830616234343362
37303036386433636637323265343466346335623862613637343230646537353232613533333838
63643730386563306365653631323736626331353662333063323239313130386138643933323235
64396135373861313761623435386261383137663638306138663264303735653834663633313862
61383063326364626564643435346438646535646237316666333533333734383361386330363131
34383033646336323135326262373563303461646262363134383030356232636463313839306165
33313231326633353036383431646633303630636166376464393337616630343130346161623537
31666137306330366633643236383534346638316139316239316161376537356634396532633534
35366638303166306233623334336663363133356666313639323362343439306434636433306465
36333933323066303265616361643830363535613764313831373164333639613535363264303634
37356435326263366565323837663366613732376533363266343833616239393262633763313230
61373737356633306634643637373733356631386634623030363535303065313038323530363033
31346162363537313563613134373035353238663365316362643036663630393139363237316430
66353863346262333636653434386332363535623738376564623838306163336163653664363137
30326530356534333364343635306234623239306265323038373438333833303032346238316561
37313263316331616432333664613030303032386235353037336635663138313264663161613966
31623131353363613231356138383335396430663462336564353163376563663335326161353136
33346237313837623836653138343036326139366134643634663761343631356339303532616632
37613061613430653832346239626336663831633735356333353834333963643364663730353063
35623134306434336638313334323463363862383938666266333666636164383136393638666136
33656331666535623663613761376365313734366461636266346132623863633938323834366361
62656236353530373564353339643664333536376232613135653638373365316539336161656536
65663262663430323864373064613765393034653964323164346463663363366334363730616536
61616437636562626263383234313932653930326561356464613632636236353965353337623136
36363130343863653161623837613631323862353531643630306361336631666634656562376235
33333665646636333664636633313336393835336331613932353363313435623535336636373464
62373364666663336135656465336639323639633435643630376437373566353438366437613063
64613231343335666362613631303436383535653261653937346365613731613133373362343332
36313064313135386434643130343035363936323337613063376434303531386331313931383837
38623364313266373231646136323837346661363736386163663234616232666331306165366234
38353531656461353362643633653663663361363966356534336639373830646364356136393137
65643833323266613632646537386434363534653333383737383364396336333535326631646139
64323339316237353037333064303962666265393838303138643561326137633738353863303738
39336464666363626133373431306264343733613266393432303834313537313061303333646632
32626236616663616661333862393532306433376462666237356633383762323833376136323131
32663439333665373039653730653836316339656666363765313664306434666164666130653831
31393335656236333163336138353661363436393861383063363431663235646665316463373433
38333265613562613832633539633461643435353162356138373938376636383231646163643437
39666238623133623832633361383865613734356163383062646438356337343536373534316533
30393831663138306535633834316330336130303466393063393636643138633735663530623838
34626564613431383030353338626532613430636666656264633165303530326234643432616633
63613466653962303863656236366634313663613233386233383432636533623863353339653631
66323036346536383661626236303964376137303432313361643363383836363731613237346337
33623562636334643165633234666139303235356130303862336232356434616536386638653662
64613335393830343639333630303539303830633231633166663234613465363038393365316133
36616462653361353766646534613563356364363364656663333763376432616266313964646362
34643666383431333164313962663732616432356361356239323130623931643832303832306436
38663837643561653765323530366462323763396436373066333162636161643130366564386430
36356266366335653031356337663061613734346239366336663465346434303131393831386566
36643530616466383939626364363664376663646435663032646434633939356137636566353030
35323036363061336334333234313339373861363361393865623863626362656166646465656162
66336539636437303335356463373466336438326431383638316463333432613964353439623737
39386233303765613536653036343965343433366436333466313663656133373331393432363665
39363632303963666230666237666634633237373337613662646264313338643430373861306632
65666230623337656164653263386230633430346432326539303535313733336133343935383961
32613139316237623435636337633861383264646532326531643264656562653264386234333162
36633063373639666238656337623234313837383936643732386466396131313963386433353432
63393937636332623565306131613139336133346535653830373633316232393265363764636238
37393464333130653533616264646132633364666238656134623631323266646536323062623834
35646533316630356336666165613033393264383562383435663138646430303062633039386232
61306634636662383838386564613061366362363833343835313632346230383136663236616562
31363465643965353935393363626434663264366362313738306166613630663666643234336330
38623133376131383537393531363134376139336636316265613163633831633230386364626265
30333364316435346138663132303335643465386432376230663533636632303438613839646264
61633361386139376539386163666636353837393264306366376434343765653137616164346133
32346633396462363633633530646332646634666235633862306632363930383639363566616166
66383061666239383863616663366265313465316539616261356262633364376132323437666265
31666436396431336664353961363963383733643935313138666337613433313730326339323764
34656232633034333831343238623330353766363334616534303864373433353934613566623837
38663237323738666230303131396430653663343065656638363636343235396333306564313764
64343866303638333131666537623136613538633838316463376431653939343630323263663031
63316330623332323937333135663766613934356364343935653033663436386565646538656538
33373934316564616163333737333736303932386335363330303432383531353235646332653836
31613566326666396238383537393936343664356239396262346663306232333038613633653232
64666136376239626332373736393566643730313332643134353963326530623132336631396137
34663061313266386635653731363637333363323437626130663964343366653835626330363266
61643838626337616139323135656337383536376633383239333035353236383661353861353431
32373531626164393132313864653665366163643561613563396163626661636561636262326138
34636266353539386264376262363337663930633839316434643531363439623539636561313531
32666632396233636532366139313535383431316232343765656534333264656661633735353364
30396634656439373364663761323035363161363232643535336638643030616461623733306437
64623965376433353263613432653163303763663334313334376465336461373464366431323032
30336535623233313962356432643330623734336538386537323065623965346239303164353763
39376531326436323730316430643631333831663538333831376166663565393036303964306636
61303763343165316531383835366562613964646136353663356462326365353931396632363264
65363932623333363337646366323334323731373235626463303834376166366566633439336231
34373238653464376532626335356135343564343734383936333634346161353662333830373763
38653235333934336466393839393835363634626163366563363539323038393735303635386331
61613161653063313939373630663037346465336431326338633231383433626139333538353931
61383333643238633265343133393430623630313739353938343031393466623963386163333735
35363638323162643135383539393863653964663632306361333163373564646136363465663936
38316365346663646132613636306665346133633837636530663664303537323030346463613662
36326339646430623232393731653831663662646266393737636330633239636432393363373839
32373130313565653063623761343237656437353865343765346333636365373738636531396131
32343731653762366333306233396231623762373865373331393961653539616465333263393965
64303630646164396462393531366365316432306663636365376230623439343939373664323031
39363634643566326633616464613634363631626136333733366464313763336139613338383438
39323430373636323164326438666666616264663237616464633230323930363764623264663739
30323839303064306235623437623036646436386239366236353361353831636666303538343031
65666332366165643333636164633430316164343735313837353937653631313365303164393739
65326664613061313165643037613433653966616133663232363861623165393163343736316163
65653331333561613133373064633131306136613736663866313038633234626162396362343235
33326262316530653736656337663632333839366162323864303565623937653031666661376330
61366331316564383965643434383765303337316336366162346233343264656462633165343362
63313161346538393761663939313835616433306563643866326439666661636635343361656431
63313932613134343937313964623963623837366438663031386639326632363165313632653638
36663135396136356562343439616630333866333834393636646662663261343631653361656165
35373662393833373466306639303039366639323635393464623662356432613765393162666563
36663135383531316261366164343031323834636436366464366634643832313766363030666664
32323737656234373637616333313435363663616332383630616530633062336161663462353634
38623537646137643833623238343465373436656236333861303838383766656433383533633766
35663733303232633737373165353432393962306535383231663232353366373233336630616239
33643836663761396162306338386131303763373062376535363563333363613236323739373936
37663938343437646331323434353265626433616433313836653134363231313261306237343834
39356536613836353935643438666239373332623737616333623239353436373162643432363938
66653537303563336265303833386436303333613331383332373564623531626638643939346239
62623736313031396433306565353535376662653236363033663036663862393565393838353434
37323762613139366137643536363231363163363261333561376437383231363337663739323636
63303638303236353030323230646361376566393433373230663762346235353366376463323833
30626230366130323436336233356638363062353634363131393365656366636361313561316664
34383762643739326361626134386361666162323566343466636430363838336332393361363836
39376662393133386565303662633037663335646661376537336263326164373766633863393434
64343036336563646463643761306337623932336232613635343239613039383164386233323138
32636135323339623862366632646234613463363533313030356237656135333663663633343966
65363266636134373865303166366633663365386162313030613531623033386239316236356430
65373438383836613638383964653530363336396136386438333936343262643263623731306636
62323130613739366132356136613336313238366565313530316433663461313830653131613761
37323933356265613463643831303934306238346262656537313836626236623437616535366531
66666231376361653433303930636361373564396365313130396166666432626239383261663962
66346638343237636162343734656662653936636562373434306262323630663231643037626161
32663537363030363630353563333338373637613530343134343332386565613030623035613061
64666365636465353266343631646536643666373630626339323963653832356534653164313335
63613261366134646166636233396566393464393037303230363235313236663839346361376537
37336562373237303434386663346464313035323335346434393634663532383733616436383339
38643035376139383232303635663238303532363862333834653633333564626265303466613334
66376363643031363333363135666437386162363466386438313338633365643233656461313662
64656263623130623066666538326533363166313130303362626438306336636662383066356561
38343731663332376635323862386464383333306237353033626263653337646361343237313033
38346634303532636530346363643837373461383561666137613636326164303139373736366137
38666238646339383133323933663261373639643636346566366464376637313936343438363531
31336331626630643265333439623230333466333439393739393663653062306366633166303238
30626163613363656463386239353736383535346361653837373931646435333261646263376366
63313830633636653638353437636461303638363635313235353566663366353039316631633434
35613565663035313963386437353334653435353034366438636637313735613139353131333431
37646563353933376164613865323162316166316366386265376263383037643634373830303132
31653061396432323961326162346362633530636435373334613131313636636230373133633930
32633866643762333937633830643537663133303930613465353237366233353966316538316163
35383434313363626138643738663131313964313433623632366264313763353437386430623830
65303266633463363263636134333731303563653366393037303762383530633464653566393564
63323933313938323937613834336436613238316565323462636564616166623438633063393863
61383031376630363533343631656530376239396333303033653636653166336331393736313437
38643530326261316638643064303165393165333462363262376236383865636139663362343533
31333363623465616136633337386134633937626365663539383765356433353464316261623561
65373664633266313130663537313737303763663736383164613662316431653334303565643335
65316333643766636635383561386332643131646136303336396263633066373563393766346539
35343461343535393335613034303537373338663931636461383432333032363262313463323865
30346430373136656238656533333162303464323763373830303430656663653465333263363530
31383165373530363433363632373564633465633237623236666462393132386431326338623332
65316134323535386536313062376136326235383834663161323939346336333530356638303339
38363237333632623130
